=== Задание 5: Матрица переходов первого порядка ===
Dinuc counts (строки/столбцы A,C,G,T):
[[9751 5173 6770 7210]
 [7435 5771 1145 6956]
 [5632 4432 5083 4468]
 [6087 5931 6617 8172]]

Матрица переходов P:
[[0.3374 0.1790 0.2342 0.2494]
 [0.3489 0.2708 0.0537 0.3265]
 [0.2871 0.2259 0.2591 0.2278]
 [0.2271 0.2212 0.2468 0.3048]]

Стационарное распределение π:
A:0.2991 C:0.2205 G:0.2030 T:0.2774

Наблюдаемые частоты нуклеотидов:
A:0.2991 C:0.2205 G:0.2030 T:0.2774